##& xmin & xmax & central value & dy & 

<histogram> 100 "log10d01 [] |X_AXIS@LIN |Y_AXIS@LOG |JETSAMPLE@0"
  +0.0000000e+00   +3.0000000e-02   +0.0000000e+00   +0.0000000e+00
  +3.0000000e-02   +6.0000000e-02   +0.0000000e+00   +0.0000000e+00
  +6.0000000e-02   +9.0000000e-02   +0.0000000e+00   +0.0000000e+00
  +9.0000000e-02   +1.2000000e-01   +0.0000000e+00   +0.0000000e+00
  +1.2000000e-01   +1.5000000e-01   +0.0000000e+00   +0.0000000e+00
  +1.5000000e-01   +1.8000000e-01   +0.0000000e+00   +0.0000000e+00
  +1.8000000e-01   +2.1000000e-01   +1.2667000e-12   +1.2667000e-12
  +2.1000000e-01   +2.4000000e-01   +0.0000000e+00   +0.0000000e+00
  +2.4000000e-01   +2.7000000e-01   +1.2667000e-12   +1.2667000e-12
  +2.7000000e-01   +3.0000000e-01   +0.0000000e+00   +0.0000000e+00
  +3.0000000e-01   +3.3000000e-01   +0.0000000e+00   +0.0000000e+00
  +3.3000000e-01   +3.6000000e-01   +0.0000000e+00   +0.0000000e+00
  +3.6000000e-01   +3.9000000e-01   +0.0000000e+00   +0.0000000e+00
  +3.9000000e-01   +4.2000000e-01   +0.0000000e+00   +0.0000000e+00
  +4.2000000e-01   +4.5000000e-01   +0.0000000e+00   +0.0000000e+00
  +4.5000000e-01   +4.8000000e-01   +0.0000000e+00   +0.0000000e+00
  +4.8000000e-01   +5.1000000e-01   +0.0000000e+00   +0.0000000e+00
  +5.1000000e-01   +5.4000000e-01   +2.5334000e-12   +1.7913843e-12
  +5.4000000e-01   +5.7000000e-01   +0.0000000e+00   +0.0000000e+00
  +5.7000000e-01   +6.0000000e-01   +3.8001000e-12   +2.1940016e-12
  +6.0000000e-01   +6.3000000e-01   +1.2667000e-12   +1.2667000e-12
  +6.3000000e-01   +6.6000000e-01   +1.2667000e-12   +1.2667000e-12
  +6.6000000e-01   +6.9000000e-01   +1.2667000e-12   +1.2667000e-12
  +6.9000000e-01   +7.2000000e-01   +3.8001000e-12   +2.1939888e-12
  +7.2000000e-01   +7.5000000e-01   +3.8001000e-12   +2.1939888e-12
  +7.5000000e-01   +7.8000000e-01   +3.8001000e-12   +2.1939888e-12
  +7.8000000e-01   +8.1000000e-01   +2.5334000e-12   +1.7913843e-12
  +8.1000000e-01   +8.4000000e-01   +2.5334000e-12   +1.7914000e-12
  +8.4000000e-01   +8.7000000e-01   +7.6002000e-12   +3.1027868e-12
  +8.7000000e-01   +9.0000000e-01   +5.0668000e-12   +2.5334111e-12
  +9.0000000e-01   +9.3000000e-01   +6.3335000e-12   +2.8324372e-12
  +9.3000000e-01   +9.6000000e-01   +1.3933800e-11   +4.2011946e-12
  +9.6000000e-01   +9.9000000e-01   +8.8670000e-12   +3.3513889e-12
  +9.9000000e-01   +1.0200000e+00   +1.5200600e-11   +4.3880016e-12
  +1.0200000e+00   +1.0500000e+00   +1.2667200e-11   +4.0056694e-12
  +1.0500000e+00   +1.0800000e+00   +2.1534200e-11   +5.2227767e-12
  +1.0800000e+00   +1.1100000e+00   +2.0267400e-11   +5.0668270e-12
  +1.1100000e+00   +1.1400000e+00   +1.6467300e-11   +4.5671749e-12
  +1.1400000e+00   +1.1700000e+00   +3.5468300e-11   +6.7028188e-12
  +1.1700000e+00   +1.2000000e+00   +2.6601000e-11   +5.8048035e-12
  +1.2000000e+00   +1.2300000e+00   +4.1802000e-11   +7.2766903e-12
  +1.2300000e+00   +1.2600000e+00   +5.0668500e-11   +8.0114427e-12
  +1.2600000e+00   +1.2900000e+00   +6.0802600e-11   +8.7760867e-12
  +1.2900000e+00   +1.3200000e+00   +8.7403900e-11   +1.0522104e-11
  +1.3200000e+00   +1.3500000e+00   +9.8804300e-11   +1.1187321e-11
  +1.3500000e+00   +1.3800000e+00   +1.3173900e-10   +1.2917988e-11
  +1.3800000e+00   +1.4100000e+00   +1.6847400e-10   +1.4608475e-11
  +1.4100000e+00   +1.4400000e+00   +2.0014200e-10   +1.5922385e-11
  +1.4400000e+00   +1.4700000e+00   +2.2674400e-10   +1.6947495e-11
  +1.4700000e+00   +1.5000000e+00   +3.1794600e-10   +2.0068653e-11
  +1.5000000e+00   +1.5300000e+00   +3.2934700e-10   +2.0425297e-11
  +1.5300000e+00   +1.5600000e+00   +3.8128300e-10   +2.1976810e-11
  +1.5600000e+00   +1.5900000e+00   +4.4335200e-10   +2.3698173e-11
  +1.5900000e+00   +1.6200000e+00   +5.1048900e-10   +2.5429254e-11
  +1.6200000e+00   +1.6500000e+00   +5.8395800e-10   +2.7197722e-11
  +1.6500000e+00   +1.6800000e+00   +6.6122700e-10   +2.8941275e-11
  +1.6800000e+00   +1.7100000e+00   +6.6756000e-10   +2.9079397e-11
  +1.7100000e+00   +1.7400000e+00   +6.5742900e-10   +2.8858096e-11
  +1.7400000e+00   +1.7700000e+00   +6.3589200e-10   +2.8381818e-11
  +1.7700000e+00   +1.8000000e+00   +6.4476100e-10   +2.8578696e-11
  +1.8000000e+00   +1.8300000e+00   +6.8149700e-10   +2.9381304e-11
  +1.8300000e+00   +1.8600000e+00   +5.9789200e-10   +2.7520242e-11
  +1.8600000e+00   +1.8900000e+00   +5.1175600e-10   +2.5460725e-11
  +1.8900000e+00   +1.9200000e+00   +5.3202300e-10   +2.5959931e-11
  +1.9200000e+00   +1.9500000e+00   +4.8515200e-10   +2.4790196e-11
  +1.9500000e+00   +1.9800000e+00   +3.9901600e-10   +2.2482054e-11
  +1.9800000e+00   +2.0100000e+00   +3.1161400e-10   +1.9867757e-11
  +2.0100000e+00   +2.0400000e+00   +3.1667900e-10   +2.0028600e-11
  +2.0400000e+00   +2.0700000e+00   +2.5714400e-10   +1.8047959e-11
  +2.0700000e+00   +2.1000000e+00   +2.1914500e-10   +1.6661129e-11
  +2.1000000e+00   +2.1300000e+00   +1.9634200e-10   +1.5770506e-11
  +2.1300000e+00   +2.1600000e+00   +1.5327400e-10   +1.3933860e-11
  +2.1600000e+00   +2.1900000e+00   +1.3173900e-10   +1.2918010e-11
  +2.1900000e+00   +2.2200000e+00   +1.2540500e-10   +1.2603637e-11
  +2.2200000e+00   +2.2500000e+00   +1.0513760e-10   +1.1540315e-11
  +2.2500000e+00   +2.2800000e+00   +8.8669200e-11   +1.0598118e-11
  +2.2800000e+00   +2.3100000e+00   +7.2203400e-11   +9.5634750e-12
  +2.3100000e+00   +2.3400000e+00   +6.8402600e-11   +9.3084316e-12
  +2.3400000e+00   +2.3700000e+00   +4.9402300e-11   +7.9106255e-12
  +2.3700000e+00   +2.4000000e+00   +3.2934600e-11   +6.4589777e-12
  +2.4000000e+00   +2.4300000e+00   +3.1667900e-11   +6.3335867e-12
  +2.4300000e+00   +2.4600000e+00   +3.4201600e-11   +6.5820118e-12
  +2.4600000e+00   +2.4900000e+00   +2.6601300e-11   +5.8048035e-12
  +2.4900000e+00   +2.5200000e+00   +1.7734000e-11   +4.7395633e-12
  +2.5200000e+00   +2.5500000e+00   +2.4067500e-11   +5.5214749e-12
  +2.5500000e+00   +2.5800000e+00   +1.1400400e-11   +3.8001139e-12
  +2.5800000e+00   +2.6100000e+00   +1.9000700e-11   +4.9059352e-12
  +2.6100000e+00   +2.6400000e+00   +1.3933800e-11   +4.2011753e-12
  +2.6400000e+00   +2.6700000e+00   +1.0133700e-11   +3.5827755e-12
  +2.6700000e+00   +2.7000000e+00   +3.8002000e-12   +2.1940000e-12
  +2.7000000e+00   +2.7300000e+00   +2.5334000e-12   +1.7913843e-12
  +2.7300000e+00   +2.7600000e+00   +7.6002000e-12   +3.1027777e-12
  +2.7600000e+00   +2.7900000e+00   +2.5334000e-12   +1.7914000e-12
  +2.7900000e+00   +2.8200000e+00   +1.2667000e-12   +1.2667000e-12
  +2.8200000e+00   +2.8500000e+00   +1.2667000e-12   +1.2667000e-12
  +2.8500000e+00   +2.8800000e+00   +2.5334000e-12   +1.7913843e-12
  +2.8800000e+00   +2.9100000e+00   +0.0000000e+00   +0.0000000e+00
  +2.9100000e+00   +2.9400000e+00   +0.0000000e+00   +0.0000000e+00
  +2.9400000e+00   +2.9700000e+00   +1.2667000e-12   +1.2667000e-12
  +2.9700000e+00   +3.0000000e+00   +0.0000000e+00   +0.0000000e+00
<\histogram>
##& xmin & xmax & central value & dy & 

<histogram> 100 "log10d12 [] |X_AXIS@LIN |Y_AXIS@LOG |JETSAMPLE@0"
  +0.0000000e+00   +3.0000000e-02   +0.0000000e+00   +0.0000000e+00
  +3.0000000e-02   +6.0000000e-02   +0.0000000e+00   +0.0000000e+00
  +6.0000000e-02   +9.0000000e-02   +0.0000000e+00   +0.0000000e+00
  +9.0000000e-02   +1.2000000e-01   +0.0000000e+00   +0.0000000e+00
  +1.2000000e-01   +1.5000000e-01   +1.2667000e-12   +1.2667000e-12
  +1.5000000e-01   +1.8000000e-01   +0.0000000e+00   +0.0000000e+00
  +1.8000000e-01   +2.1000000e-01   +0.0000000e+00   +0.0000000e+00
  +2.1000000e-01   +2.4000000e-01   +1.2667000e-12   +1.2667000e-12
  +2.4000000e-01   +2.7000000e-01   +1.2667000e-12   +1.2667000e-12
  +2.7000000e-01   +3.0000000e-01   +0.0000000e+00   +0.0000000e+00
  +3.0000000e-01   +3.3000000e-01   +0.0000000e+00   +0.0000000e+00
  +3.3000000e-01   +3.6000000e-01   +1.2667000e-12   +1.2667000e-12
  +3.6000000e-01   +3.9000000e-01   +0.0000000e+00   +0.0000000e+00
  +3.9000000e-01   +4.2000000e-01   +2.5334000e-12   +1.7914000e-12
  +4.2000000e-01   +4.5000000e-01   +0.0000000e+00   +0.0000000e+00
  +4.5000000e-01   +4.8000000e-01   +3.8001000e-12   +2.1940016e-12
  +4.8000000e-01   +5.1000000e-01   +6.3335000e-12   +2.8324372e-12
  +5.1000000e-01   +5.4000000e-01   +3.8001000e-12   +2.1939888e-12
  +5.4000000e-01   +5.7000000e-01   +6.3335000e-12   +2.8324471e-12
  +5.7000000e-01   +6.0000000e-01   +6.3335000e-12   +2.8324372e-12
  +6.0000000e-01   +6.3000000e-01   +3.8001000e-12   +2.1939888e-12
  +6.3000000e-01   +6.6000000e-01   +6.3335000e-12   +2.8324372e-12
  +6.6000000e-01   +6.9000000e-01   +5.0668000e-12   +2.5334111e-12
  +6.9000000e-01   +7.2000000e-01   +1.2667200e-11   +4.0056633e-12
  +7.2000000e-01   +7.5000000e-01   +1.0133700e-11   +3.5827755e-12
  +7.5000000e-01   +7.8000000e-01   +1.6467300e-11   +4.5671811e-12
  +7.8000000e-01   +8.1000000e-01   +1.3933900e-11   +4.2011937e-12
  +8.1000000e-01   +8.4000000e-01   +2.4067500e-11   +5.5214597e-12
  +8.4000000e-01   +8.7000000e-01   +2.1534200e-11   +5.2227820e-12
  +8.7000000e-01   +9.0000000e-01   +3.1668000e-11   +6.3335320e-12
  +9.0000000e-01   +9.3000000e-01   +3.6734900e-11   +6.8214359e-12
  +9.3000000e-01   +9.6000000e-01   +6.0802000e-11   +8.7760907e-12
  +9.6000000e-01   +9.9000000e-01   +7.3470200e-11   +9.6469882e-12
  +9.9000000e-01   +1.0200000e+00   +7.7269200e-11   +9.8933596e-12
  +1.0200000e+00   +1.0500000e+00   +8.2336600e-11   +1.0212591e-11
  +1.0500000e+00   +1.0800000e+00   +8.4870600e-11   +1.0368472e-11
  +1.0800000e+00   +1.1100000e+00   +1.0767090e-10   +1.1678493e-11
  +1.1100000e+00   +1.1400000e+00   +1.2540500e-10   +1.2603636e-11
  +1.1400000e+00   +1.1700000e+00   +1.6340700e-10   +1.4387145e-11
  +1.1700000e+00   +1.2000000e+00   +1.7987400e-10   +1.5094633e-11
  +1.2000000e+00   +1.2300000e+00   +2.0520900e-10   +1.6122655e-11
  +1.2300000e+00   +1.2600000e+00   +2.5334400e-10   +1.7914115e-11
  +1.2600000e+00   +1.2900000e+00   +2.5334400e-10   +1.7914104e-11
  +1.2900000e+00   +1.3200000e+00   +3.2428000e-10   +2.0267532e-11
  +1.3200000e+00   +1.3500000e+00   +3.9521700e-10   +2.2374808e-11
  +1.3500000e+00   +1.3800000e+00   +3.8128400e-10   +2.1976750e-11
  +1.3800000e+00   +1.4100000e+00   +4.6108600e-10   +2.4167447e-11
  +1.4100000e+00   +1.4400000e+00   +5.7002300e-10   +2.6871329e-11
  +1.4400000e+00   +1.4700000e+00   +5.4722200e-10   +2.6328177e-11
  +1.4700000e+00   +1.5000000e+00   +5.8395800e-10   +2.7197704e-11
  +1.5000000e+00   +1.5300000e+00   +5.4342300e-10   +2.6236979e-11
  +1.5300000e+00   +1.5600000e+00   +6.3589300e-10   +2.8381355e-11
  +1.5600000e+00   +1.5900000e+00   +6.2955900e-10   +2.8239416e-11
  +1.5900000e+00   +1.6200000e+00   +6.1182600e-10   +2.7839091e-11
  +1.6200000e+00   +1.6500000e+00   +5.9536100e-10   +2.7462057e-11
  +1.6500000e+00   +1.6800000e+00   +5.4975800e-10   +2.6389384e-11
  +1.6800000e+00   +1.7100000e+00   +5.1682300e-10   +2.5586412e-11
  +1.7100000e+00   +1.7400000e+00   +4.6235300e-10   +2.4200646e-11
  +1.7400000e+00   +1.7700000e+00   +4.4081800e-10   +2.3630348e-11
  +1.7700000e+00   +1.8000000e+00   +3.4708100e-10   +2.0968047e-11
  +1.8000000e+00   +1.8300000e+00   +3.4201400e-10   +2.0814407e-11
  +1.8300000e+00   +1.8600000e+00   +2.5334400e-10   +1.7914096e-11
  +1.8600000e+00   +1.8900000e+00   +2.6854400e-10   +1.8443703e-11
  +1.8900000e+00   +1.9200000e+00   +2.0520900e-10   +1.6122645e-11
  +1.9200000e+00   +1.9500000e+00   +1.9507400e-10   +1.5719493e-11
  +1.9500000e+00   +1.9800000e+00   +1.4187400e-10   +1.3405660e-11
  +1.9800000e+00   +2.0100000e+00   +1.3553900e-10   +1.3103015e-11
  +2.0100000e+00   +2.0400000e+00   +1.0640300e-10   +1.1609630e-11
  +2.0400000e+00   +2.0700000e+00   +8.1069200e-11   +1.0133732e-11
  +2.0700000e+00   +2.1000000e+00   +6.5869000e-11   +9.1344473e-12
  +2.1000000e+00   +2.1300000e+00   +6.5870000e-11   +9.1343650e-12
  +2.1300000e+00   +2.1600000e+00   +6.3335600e-11   +8.9570371e-12
  +2.1600000e+00   +2.1900000e+00   +3.6735000e-11   +6.8215198e-12
  +2.1900000e+00   +2.2200000e+00   +3.6735000e-11   +6.8214737e-12
  +2.2200000e+00   +2.2500000e+00   +4.3068400e-11   +7.3861942e-12
  +2.2500000e+00   +2.2800000e+00   +3.0401300e-11   +6.2055875e-12
  +2.2800000e+00   +2.3100000e+00   +2.2800900e-11   +5.3742109e-12
  +2.3100000e+00   +2.3400000e+00   +1.2667100e-11   +4.0056843e-12
  +2.3400000e+00   +2.3700000e+00   +1.9000900e-11   +4.9059338e-12
  +2.3700000e+00   +2.4000000e+00   +1.5200500e-11   +4.3880308e-12
  +2.4000000e+00   +2.4300000e+00   +1.5200500e-11   +4.3880023e-12
  +2.4300000e+00   +2.4600000e+00   +1.1400400e-11   +3.8001000e-12
  +2.4600000e+00   +2.4900000e+00   +3.8001000e-12   +2.1939888e-12
  +2.4900000e+00   +2.5200000e+00   +3.8001000e-12   +2.1940016e-12
  +2.5200000e+00   +2.5500000e+00   +0.0000000e+00   +0.0000000e+00
  +2.5500000e+00   +2.5800000e+00   +1.2667000e-12   +1.2667000e-12
  +2.5800000e+00   +2.6100000e+00   +1.2667000e-12   +1.2667000e-12
  +2.6100000e+00   +2.6400000e+00   +2.5334000e-12   +1.7913843e-12
  +2.6400000e+00   +2.6700000e+00   +0.0000000e+00   +0.0000000e+00
  +2.6700000e+00   +2.7000000e+00   +1.2667000e-12   +1.2667000e-12
  +2.7000000e+00   +2.7300000e+00   +1.2667000e-12   +1.2667000e-12
  +2.7300000e+00   +2.7600000e+00   +2.5334000e-12   +1.7913843e-12
  +2.7600000e+00   +2.7900000e+00   +0.0000000e+00   +0.0000000e+00
  +2.7900000e+00   +2.8200000e+00   +0.0000000e+00   +0.0000000e+00
  +2.8200000e+00   +2.8500000e+00   +0.0000000e+00   +0.0000000e+00
  +2.8500000e+00   +2.8800000e+00   +0.0000000e+00   +0.0000000e+00
  +2.8800000e+00   +2.9100000e+00   +0.0000000e+00   +0.0000000e+00
  +2.9100000e+00   +2.9400000e+00   +0.0000000e+00   +0.0000000e+00
  +2.9400000e+00   +2.9700000e+00   +0.0000000e+00   +0.0000000e+00
  +2.9700000e+00   +3.0000000e+00   +0.0000000e+00   +0.0000000e+00
<\histogram>


##& xmin & xmax & central value & dy & 

<histogram> 100 "log10d23 [] |X_AXIS@LIN |Y_AXIS@LOG |JETSAMPLE@0"
  +0.0000000e+00   +3.0000000e-02   +0.0000000e+00   +0.0000000e+00
  +3.0000000e-02   +6.0000000e-02   +1.2667000e-12   +1.2667000e-12
  +6.0000000e-02   +9.0000000e-02   +1.2667000e-12   +1.2667000e-12
  +9.0000000e-02   +1.2000000e-01   +0.0000000e+00   +0.0000000e+00
  +1.2000000e-01   +1.5000000e-01   +0.0000000e+00   +0.0000000e+00
  +1.5000000e-01   +1.8000000e-01   +0.0000000e+00   +0.0000000e+00
  +1.8000000e-01   +2.1000000e-01   +1.2667000e-12   +1.2667000e-12
  +2.1000000e-01   +2.4000000e-01   +1.2667000e-12   +1.2667000e-12
  +2.4000000e-01   +2.7000000e-01   +1.2667000e-12   +1.2667000e-12
  +2.7000000e-01   +3.0000000e-01   +3.8001000e-12   +2.1940016e-12
  +3.0000000e-01   +3.3000000e-01   +1.2667000e-12   +1.2667000e-12
  +3.3000000e-01   +3.6000000e-01   +1.2667000e-12   +1.2667000e-12
  +3.6000000e-01   +3.9000000e-01   +3.8001000e-12   +2.1940016e-12
  +3.9000000e-01   +4.2000000e-01   +6.3335000e-12   +2.8324471e-12
  +4.2000000e-01   +4.5000000e-01   +5.0668000e-12   +2.5334111e-12
  +4.5000000e-01   +4.8000000e-01   +3.8001000e-12   +2.1940016e-12
  +4.8000000e-01   +5.1000000e-01   +1.2667200e-11   +4.0056764e-12
  +5.1000000e-01   +5.4000000e-01   +1.0133800e-11   +3.5827824e-12
  +5.4000000e-01   +5.7000000e-01   +1.2667000e-11   +4.0056781e-12
  +5.7000000e-01   +6.0000000e-01   +1.1400300e-11   +3.8001222e-12
  +6.0000000e-01   +6.3000000e-01   +2.4067500e-11   +5.5214597e-12
  +6.3000000e-01   +6.6000000e-01   +3.2934700e-11   +6.4589831e-12
  +6.6000000e-01   +6.9000000e-01   +3.2934900e-11   +6.4589816e-12
  +6.9000000e-01   +7.2000000e-01   +2.4067700e-11   +5.5214268e-12
  +7.2000000e-01   +7.5000000e-01   +3.8001700e-11   +6.9380393e-12
  +7.5000000e-01   +7.8000000e-01   +6.0802300e-11   +8.7760340e-12
  +7.8000000e-01   +8.1000000e-01   +7.0935600e-11   +9.4792203e-12
  +8.1000000e-01   +8.4000000e-01   +9.1203300e-11   +1.0748442e-11
  +8.4000000e-01   +8.7000000e-01   +1.1527100e-10   +1.2083671e-11
  +8.7000000e-01   +9.0000000e-01   +1.4187400e-10   +1.3405645e-11
  +9.0000000e-01   +9.3000000e-01   +1.3553800e-10   +1.3103044e-11
  +9.3000000e-01   +9.6000000e-01   +1.9127600e-10   +1.5565674e-11
  +9.6000000e-01   +9.9000000e-01   +1.8494100e-10   +1.5305787e-11
  +9.9000000e-01   +1.0200000e+00   +2.3054400e-10   +1.7088958e-11
  +1.0200000e+00   +1.0500000e+00   +2.7741100e-10   +1.8745770e-11
  +1.0500000e+00   +1.0800000e+00   +3.0274700e-10   +1.9582961e-11
  +1.0800000e+00   +1.1100000e+00   +2.9514600e-10   +1.9335646e-11
  +1.1100000e+00   +1.1400000e+00   +3.6861500e-10   +2.1608606e-11
  +1.1400000e+00   +1.1700000e+00   +3.4201300e-10   +2.0814355e-11
  +1.1700000e+00   +1.2000000e+00   +3.9648400e-10   +2.2410591e-11
  +1.2000000e+00   +1.2300000e+00   +4.2308500e-10   +2.3150137e-11
  +1.2300000e+00   +1.2600000e+00   +4.5855500e-10   +2.4101216e-11
  +1.2600000e+00   +1.2900000e+00   +5.0542200e-10   +2.5302705e-11
  +1.2900000e+00   +1.3200000e+00   +5.0795500e-10   +2.5366014e-11
  +1.3200000e+00   +1.3500000e+00   +5.4215700e-10   +2.6206135e-11
  +1.3500000e+00   +1.3800000e+00   +6.1815900e-10   +2.7983050e-11
  +1.3800000e+00   +1.4100000e+00   +6.0549300e-10   +2.7695072e-11
  +1.4100000e+00   +1.4400000e+00   +5.8395800e-10   +2.7198044e-11
  +1.4400000e+00   +1.4700000e+00   +5.7762400e-10   +2.7049921e-11
  +1.4700000e+00   +1.5000000e+00   +5.8649200e-10   +2.7256809e-11
  +1.5000000e+00   +1.5300000e+00   +5.2062200e-10   +2.5680388e-11
  +1.5300000e+00   +1.5600000e+00   +4.4588400e-10   +2.3765716e-11
  +1.5600000e+00   +1.5900000e+00   +4.6868600e-10   +2.4365810e-11
  +1.5900000e+00   +1.6200000e+00   +3.6734800e-10   +2.1571501e-11
  +1.6200000e+00   +1.6500000e+00   +3.0274600e-10   +1.9583079e-11
  +1.6500000e+00   +1.6800000e+00   +3.0654600e-10   +1.9705600e-11
  +1.6800000e+00   +1.7100000e+00   +2.0901000e-10   +1.6271226e-11
  +1.7100000e+00   +1.7400000e+00   +2.1787600e-10   +1.6612861e-11
  +1.7400000e+00   +1.7700000e+00   +1.6214100e-10   +1.4331267e-11
  +1.7700000e+00   +1.8000000e+00   +1.4187300e-10   +1.3405641e-11
  +1.8000000e+00   +1.8300000e+00   +1.1527100e-10   +1.2083710e-11
  +1.8300000e+00   +1.8600000e+00   +1.1147130e-10   +1.1882845e-11
  +1.8600000e+00   +1.8900000e+00   +9.7537500e-11   +1.1115364e-11
  +1.8900000e+00   +1.9200000e+00   +6.8401700e-11   +9.3084374e-12
  +1.9200000e+00   +1.9500000e+00   +5.0668800e-11   +8.0113706e-12
  +1.9500000e+00   +1.9800000e+00   +3.0401200e-11   +6.2055845e-12
  +1.9800000e+00   +2.0100000e+00   +4.1801700e-11   +7.2767026e-12
  +2.0100000e+00   +2.0400000e+00   +3.5468300e-11   +6.7028026e-12
  +2.0400000e+00   +2.0700000e+00   +2.4067600e-11   +5.5214788e-12
  +2.0700000e+00   +2.1000000e+00   +1.1400300e-11   +3.8001222e-12
  +2.1000000e+00   +2.1300000e+00   +3.1668000e-11   +6.3335650e-12
  +2.1300000e+00   +2.1600000e+00   +1.5200700e-11   +4.3879831e-12
  +2.1600000e+00   +2.1900000e+00   +1.1400400e-11   +3.8001139e-12
  +2.1900000e+00   +2.2200000e+00   +1.5200500e-11   +4.3879959e-12
  +2.2200000e+00   +2.2500000e+00   +7.6003000e-12   +3.1027766e-12
  +2.2500000e+00   +2.2800000e+00   +3.8001000e-12   +2.1939888e-12
  +2.2800000e+00   +2.3100000e+00   +2.5334000e-12   +1.7913843e-12
  +2.3100000e+00   +2.3400000e+00   +0.0000000e+00   +0.0000000e+00
  +2.3400000e+00   +2.3700000e+00   +2.5334000e-12   +1.7913843e-12
  +2.3700000e+00   +2.4000000e+00   +0.0000000e+00   +0.0000000e+00
  +2.4000000e+00   +2.4300000e+00   +1.2667000e-12   +1.2667000e-12
  +2.4300000e+00   +2.4600000e+00   +0.0000000e+00   +0.0000000e+00
  +2.4600000e+00   +2.4900000e+00   +0.0000000e+00   +0.0000000e+00
  +2.4900000e+00   +2.5200000e+00   +0.0000000e+00   +0.0000000e+00
  +2.5200000e+00   +2.5500000e+00   +0.0000000e+00   +0.0000000e+00
  +2.5500000e+00   +2.5800000e+00   +0.0000000e+00   +0.0000000e+00
  +2.5800000e+00   +2.6100000e+00   +0.0000000e+00   +0.0000000e+00
  +2.6100000e+00   +2.6400000e+00   +0.0000000e+00   +0.0000000e+00
  +2.6400000e+00   +2.6700000e+00   +0.0000000e+00   +0.0000000e+00
  +2.6700000e+00   +2.7000000e+00   +0.0000000e+00   +0.0000000e+00
  +2.7000000e+00   +2.7300000e+00   +0.0000000e+00   +0.0000000e+00
  +2.7300000e+00   +2.7600000e+00   +0.0000000e+00   +0.0000000e+00
  +2.7600000e+00   +2.7900000e+00   +0.0000000e+00   +0.0000000e+00
  +2.7900000e+00   +2.8200000e+00   +0.0000000e+00   +0.0000000e+00
  +2.8200000e+00   +2.8500000e+00   +0.0000000e+00   +0.0000000e+00
  +2.8500000e+00   +2.8800000e+00   +0.0000000e+00   +0.0000000e+00
  +2.8800000e+00   +2.9100000e+00   +0.0000000e+00   +0.0000000e+00
  +2.9100000e+00   +2.9400000e+00   +0.0000000e+00   +0.0000000e+00
  +2.9400000e+00   +2.9700000e+00   +0.0000000e+00   +0.0000000e+00
  +2.9700000e+00   +3.0000000e+00   +0.0000000e+00   +0.0000000e+00
<\histogram>


##& xmin & xmax & central value & dy & 

<histogram> 100 "log10d34 [] |X_AXIS@LIN |Y_AXIS@LOG |JETSAMPLE@0"
  +0.0000000e+00   +3.0000000e-02   +1.2667000e-12   +1.2667000e-12
  +3.0000000e-02   +6.0000000e-02   +0.0000000e+00   +0.0000000e+00
  +6.0000000e-02   +9.0000000e-02   +3.8001000e-12   +2.1939888e-12
  +9.0000000e-02   +1.2000000e-01   +0.0000000e+00   +0.0000000e+00
  +1.2000000e-01   +1.5000000e-01   +1.2667000e-12   +1.2667000e-12
  +1.5000000e-01   +1.8000000e-01   +0.0000000e+00   +0.0000000e+00
  +1.8000000e-01   +2.1000000e-01   +1.2667000e-12   +1.2667000e-12
  +2.1000000e-01   +2.4000000e-01   +3.8001000e-12   +2.1940016e-12
  +2.4000000e-01   +2.7000000e-01   +8.8669000e-12   +3.3513816e-12
  +2.7000000e-01   +3.0000000e-01   +3.8001000e-12   +2.1939888e-12
  +3.0000000e-01   +3.3000000e-01   +3.8001000e-12   +2.1939888e-12
  +3.3000000e-01   +3.6000000e-01   +5.0668000e-12   +2.5334111e-12
  +3.6000000e-01   +3.9000000e-01   +8.8670000e-12   +3.3513889e-12
  +3.9000000e-01   +4.2000000e-01   +1.0133700e-11   +3.5827834e-12
  +4.2000000e-01   +4.5000000e-01   +1.1400300e-11   +3.8001296e-12
  +4.5000000e-01   +4.8000000e-01   +2.0267400e-11   +5.0668222e-12
  +4.8000000e-01   +5.1000000e-01   +1.7733900e-11   +4.7396127e-12
  +5.1000000e-01   +5.4000000e-01   +2.4067700e-11   +5.5214409e-12
  +5.4000000e-01   +5.7000000e-01   +3.5468100e-11   +6.7027925e-12
  +5.7000000e-01   +6.0000000e-01   +4.0535100e-11   +7.1655894e-12
  +6.0000000e-01   +6.3000000e-01   +4.3068800e-11   +7.3861482e-12
  +6.3000000e-01   +6.6000000e-01   +6.4602200e-11   +9.0461522e-12
  +6.6000000e-01   +6.9000000e-01   +6.8401900e-11   +9.3084462e-12
  +6.9000000e-01   +7.2000000e-01   +1.0260360e-10   +1.1400431e-11
  +7.2000000e-01   +7.5000000e-01   +1.2160400e-10   +1.2411246e-11
  +7.5000000e-01   +7.8000000e-01   +1.5580600e-10   +1.4048552e-11
  +7.8000000e-01   +8.1000000e-01   +2.0647500e-10   +1.6172354e-11
  +8.1000000e-01   +8.4000000e-01   +2.3054300e-10   +1.7088967e-11
  +8.4000000e-01   +8.7000000e-01   +2.2294200e-10   +1.6804899e-11
  +8.7000000e-01   +9.0000000e-01   +2.7868000e-10   +1.8788460e-11
  +9.0000000e-01   +9.3000000e-01   +3.4708200e-10   +2.0967965e-11
  +9.3000000e-01   +9.6000000e-01   +3.7494800e-10   +2.1793548e-11
  +9.6000000e-01   +9.9000000e-01   +3.8381600e-10   +2.2049752e-11
  +9.9000000e-01   +1.0200000e+00   +4.2561800e-10   +2.3219343e-11
  +1.0200000e+00   +1.0500000e+00   +4.8135500e-10   +2.4692920e-11
  +1.0500000e+00   +1.0800000e+00   +5.0668800e-10   +2.5334446e-11
  +1.0800000e+00   +1.1100000e+00   +4.9402100e-10   +2.5015752e-11
  +1.1100000e+00   +1.1400000e+00   +5.2695400e-10   +2.5836105e-11
  +1.1400000e+00   +1.1700000e+00   +5.9155900e-10   +2.7374229e-11
  +1.1700000e+00   +1.2000000e+00   +5.3962400e-10   +2.6144797e-11
  +1.2000000e+00   +1.2300000e+00   +5.5102400e-10   +2.6419500e-11
  +1.2300000e+00   +1.2600000e+00   +5.0922000e-10   +2.5397687e-11
  +1.2600000e+00   +1.2900000e+00   +6.0422600e-10   +2.7665842e-11
  +1.2900000e+00   +1.3200000e+00   +5.1935500e-10   +2.5649173e-11
  +1.3200000e+00   +1.3500000e+00   +5.4088900e-10   +2.6175660e-11
  +1.3500000e+00   +1.3800000e+00   +5.0795400e-10   +2.5366033e-11
  +1.3800000e+00   +1.4100000e+00   +4.3828500e-10   +2.3562322e-11
  +1.4100000e+00   +1.4400000e+00   +4.0788500e-10   +2.2730513e-11
  +1.4400000e+00   +1.4700000e+00   +3.6101500e-10   +2.1384714e-11
  +1.4700000e+00   +1.5000000e+00   +2.9767900e-10   +1.9418465e-11
  +1.5000000e+00   +1.5300000e+00   +2.6094500e-10   +1.8180869e-11
  +1.5300000e+00   +1.5600000e+00   +2.4701100e-10   +1.7688803e-11
  +1.5600000e+00   +1.5900000e+00   +1.7480800e-10   +1.4880518e-11
  +1.5900000e+00   +1.6200000e+00   +1.3933900e-10   +1.3285399e-11
  +1.6200000e+00   +1.6500000e+00   +1.4947300e-10   +1.3760082e-11
  +1.6500000e+00   +1.6800000e+00   +1.0893860e-10   +1.1747062e-11
  +1.6800000e+00   +1.7100000e+00   +9.2471000e-11   +1.0822796e-11
  +1.7100000e+00   +1.7400000e+00   +8.9936600e-11   +1.0673535e-11
  +1.7400000e+00   +1.7700000e+00   +5.8268500e-11   +8.5912826e-12
  +1.7700000e+00   +1.8000000e+00   +5.1935000e-11   +8.1109866e-12
  +1.8000000e+00   +1.8300000e+00   +3.5468300e-11   +6.7027923e-12
  +1.8300000e+00   +1.8600000e+00   +3.1668000e-11   +6.3335536e-12
  +1.8600000e+00   +1.8900000e+00   +1.7734000e-11   +4.7395693e-12
  +1.8900000e+00   +1.9200000e+00   +2.1534300e-11   +5.2227574e-12
  +1.9200000e+00   +1.9500000e+00   +1.7734100e-11   +4.7395737e-12
  +1.9500000e+00   +1.9800000e+00   +7.6002000e-12   +3.1027868e-12
  +1.9800000e+00   +2.0100000e+00   +1.5200600e-11   +4.3879952e-12
  +2.0100000e+00   +2.0400000e+00   +8.8669000e-12   +3.3513816e-12
  +2.0400000e+00   +2.0700000e+00   +6.3335000e-12   +2.8324471e-12
  +2.0700000e+00   +2.1000000e+00   +8.8669000e-12   +3.3513732e-12
  +2.1000000e+00   +2.1300000e+00   +6.3335000e-12   +2.8324372e-12
  +2.1300000e+00   +2.1600000e+00   +5.0668000e-12   +2.5334111e-12
  +2.1600000e+00   +2.1900000e+00   +1.2667000e-12   +1.2667000e-12
  +2.1900000e+00   +2.2200000e+00   +1.2667000e-12   +1.2667000e-12
  +2.2200000e+00   +2.2500000e+00   +0.0000000e+00   +0.0000000e+00
  +2.2500000e+00   +2.2800000e+00   +0.0000000e+00   +0.0000000e+00
  +2.2800000e+00   +2.3100000e+00   +0.0000000e+00   +0.0000000e+00
  +2.3100000e+00   +2.3400000e+00   +0.0000000e+00   +0.0000000e+00
  +2.3400000e+00   +2.3700000e+00   +0.0000000e+00   +0.0000000e+00
  +2.3700000e+00   +2.4000000e+00   +0.0000000e+00   +0.0000000e+00
  +2.4000000e+00   +2.4300000e+00   +0.0000000e+00   +0.0000000e+00
  +2.4300000e+00   +2.4600000e+00   +0.0000000e+00   +0.0000000e+00
  +2.4600000e+00   +2.4900000e+00   +0.0000000e+00   +0.0000000e+00
  +2.4900000e+00   +2.5200000e+00   +0.0000000e+00   +0.0000000e+00
  +2.5200000e+00   +2.5500000e+00   +0.0000000e+00   +0.0000000e+00
  +2.5500000e+00   +2.5800000e+00   +0.0000000e+00   +0.0000000e+00
  +2.5800000e+00   +2.6100000e+00   +0.0000000e+00   +0.0000000e+00
  +2.6100000e+00   +2.6400000e+00   +0.0000000e+00   +0.0000000e+00
  +2.6400000e+00   +2.6700000e+00   +0.0000000e+00   +0.0000000e+00
  +2.6700000e+00   +2.7000000e+00   +0.0000000e+00   +0.0000000e+00
  +2.7000000e+00   +2.7300000e+00   +0.0000000e+00   +0.0000000e+00
  +2.7300000e+00   +2.7600000e+00   +0.0000000e+00   +0.0000000e+00
  +2.7600000e+00   +2.7900000e+00   +0.0000000e+00   +0.0000000e+00
  +2.7900000e+00   +2.8200000e+00   +0.0000000e+00   +0.0000000e+00
  +2.8200000e+00   +2.8500000e+00   +0.0000000e+00   +0.0000000e+00
  +2.8500000e+00   +2.8800000e+00   +0.0000000e+00   +0.0000000e+00
  +2.8800000e+00   +2.9100000e+00   +0.0000000e+00   +0.0000000e+00
  +2.9100000e+00   +2.9400000e+00   +0.0000000e+00   +0.0000000e+00
  +2.9400000e+00   +2.9700000e+00   +0.0000000e+00   +0.0000000e+00
  +2.9700000e+00   +3.0000000e+00   +0.0000000e+00   +0.0000000e+00
<\histogram>

