##& xmin & xmax & central value & dy & 

<histogram> 100 "pt1 [GeV] |X_AXIS@LIN |Y_AXIS@LOG |JETSAMPLE@0"
  +0.0000000e+00   +1.0000000e+01   +7.6003100e-11   +9.8118938e-12
  +1.0000000e+01   +2.0000000e+01   +3.2808000e-10   +2.0385978e-11
  +2.0000000e+01   +3.0000000e+01   +9.5637000e-10   +3.4806092e-11
  +3.0000000e+01   +4.0000000e+01   +1.6049300e-09   +4.5089141e-11
  +4.0000000e+01   +5.0000000e+01   +1.9634200e-09   +4.9870506e-11
  +5.0000000e+01   +6.0000000e+01   +1.6898100e-09   +4.6265954e-11
  +6.0000000e+01   +7.0000000e+01   +1.5010600e-09   +4.3604791e-11
  +7.0000000e+01   +8.0000000e+01   +1.0095800e-09   +3.5760956e-11
  +8.0000000e+01   +9.0000000e+01   +8.6008800e-10   +3.3007740e-11
  +9.0000000e+01   +1.0000000e+02   +5.4595600e-10   +2.6297709e-11
  +1.0000000e+02   +1.1000000e+02   +4.2688400e-10   +2.3253912e-11
  +1.1000000e+02   +1.2000000e+02   +3.2048000e-10   +2.0148483e-11
  +1.2000000e+02   +1.3000000e+02   +2.3687700e-10   +1.7322076e-11
  +1.3000000e+02   +1.4000000e+02   +1.9254200e-10   +1.5617135e-11
  +1.4000000e+02   +1.5000000e+02   +1.3680600e-10   +1.3164123e-11
  +1.5000000e+02   +1.6000000e+02   +1.1780590e-10   +1.2215761e-11
  +1.6000000e+02   +1.7000000e+02   +1.1780500e-10   +1.2215711e-11
  +1.7000000e+02   +1.8000000e+02   +7.2202400e-11   +9.5634812e-12
  +1.8000000e+02   +1.9000000e+02   +6.9668800e-11   +9.3942094e-12
  +1.9000000e+02   +2.0000000e+02   +5.8268500e-11   +8.5912806e-12
  +2.0000000e+02   +2.1000000e+02   +4.9402100e-11   +7.9106041e-12
  +2.1000000e+02   +2.2000000e+02   +4.3068700e-11   +7.3861547e-12
  +2.2000000e+02   +2.3000000e+02   +2.4067500e-11   +5.5214437e-12
  +2.3000000e+02   +2.4000000e+02   +2.7867700e-11   +5.9414032e-12
  +2.4000000e+02   +2.5000000e+02   +2.1534000e-11   +5.2227712e-12
  +2.5000000e+02   +2.6000000e+02   +2.0267500e-11   +5.0668208e-12
  +2.6000000e+02   +2.7000000e+02   +1.7734000e-11   +4.7395804e-12
  +2.7000000e+02   +2.8000000e+02   +2.1534300e-11   +5.2227660e-12
  +2.8000000e+02   +2.9000000e+02   +1.5200600e-11   +4.3879895e-12
  +2.9000000e+02   +3.0000000e+02   +1.3933800e-11   +4.2011820e-12
  +3.0000000e+02   +3.1000000e+02   +8.8669000e-12   +3.3513899e-12
  +3.1000000e+02   +3.2000000e+02   +3.8001000e-12   +2.1940016e-12
  +3.2000000e+02   +3.3000000e+02   +1.1400300e-11   +3.8001148e-12
  +3.3000000e+02   +3.4000000e+02   +1.1400500e-11   +3.8001130e-12
  +3.4000000e+02   +3.5000000e+02   +8.8669000e-12   +3.3513816e-12
  +3.5000000e+02   +3.6000000e+02   +5.0668000e-12   +2.5334111e-12
  +3.6000000e+02   +3.7000000e+02   +3.8001000e-12   +2.1939888e-12
  +3.7000000e+02   +3.8000000e+02   +7.6003000e-12   +3.1027766e-12
  +3.8000000e+02   +3.9000000e+02   +7.6002000e-12   +3.1027777e-12
  +3.9000000e+02   +4.0000000e+02   +5.0668000e-12   +2.5334111e-12
  +4.0000000e+02   +4.1000000e+02   +6.3335000e-12   +2.8324273e-12
  +4.1000000e+02   +4.2000000e+02   +6.3336000e-12   +2.8324360e-12
  +4.2000000e+02   +4.3000000e+02   +3.8001000e-12   +2.1939888e-12
  +4.3000000e+02   +4.4000000e+02   +5.0668000e-12   +2.5334111e-12
  +4.4000000e+02   +4.5000000e+02   +3.8001000e-12   +2.1939888e-12
  +4.5000000e+02   +4.6000000e+02   +2.5334000e-12   +1.7913843e-12
  +4.6000000e+02   +4.7000000e+02   +2.5334000e-12   +1.7913843e-12
  +4.7000000e+02   +4.8000000e+02   +2.5334000e-12   +1.7914000e-12
  +4.8000000e+02   +4.9000000e+02   +1.2667000e-12   +1.2667000e-12
  +4.9000000e+02   +5.0000000e+02   +0.0000000e+00   +0.0000000e+00
  +5.0000000e+02   +5.1000000e+02   +0.0000000e+00   +0.0000000e+00
  +5.1000000e+02   +5.2000000e+02   +1.2667000e-12   +1.2667000e-12
  +5.2000000e+02   +5.3000000e+02   +1.2667000e-12   +1.2667000e-12
  +5.3000000e+02   +5.4000000e+02   +2.5334000e-12   +1.7913843e-12
  +5.4000000e+02   +5.5000000e+02   +1.2667000e-12   +1.2667000e-12
  +5.5000000e+02   +5.6000000e+02   +1.2667000e-12   +1.2667000e-12
  +5.6000000e+02   +5.7000000e+02   +0.0000000e+00   +0.0000000e+00
  +5.7000000e+02   +5.8000000e+02   +3.8001000e-12   +2.1939888e-12
  +5.8000000e+02   +5.9000000e+02   +0.0000000e+00   +0.0000000e+00
  +5.9000000e+02   +6.0000000e+02   +1.2667000e-12   +1.2667000e-12
  +6.0000000e+02   +6.1000000e+02   +0.0000000e+00   +0.0000000e+00
  +6.1000000e+02   +6.2000000e+02   +0.0000000e+00   +0.0000000e+00
  +6.2000000e+02   +6.3000000e+02   +0.0000000e+00   +0.0000000e+00
  +6.3000000e+02   +6.4000000e+02   +0.0000000e+00   +0.0000000e+00
  +6.4000000e+02   +6.5000000e+02   +1.2667000e-12   +1.2667000e-12
  +6.5000000e+02   +6.6000000e+02   +0.0000000e+00   +0.0000000e+00
  +6.6000000e+02   +6.7000000e+02   +1.2667000e-12   +1.2667000e-12
  +6.7000000e+02   +6.8000000e+02   +0.0000000e+00   +0.0000000e+00
  +6.8000000e+02   +6.9000000e+02   +0.0000000e+00   +0.0000000e+00
  +6.9000000e+02   +7.0000000e+02   +0.0000000e+00   +0.0000000e+00
  +7.0000000e+02   +7.1000000e+02   +0.0000000e+00   +0.0000000e+00
  +7.1000000e+02   +7.2000000e+02   +0.0000000e+00   +0.0000000e+00
  +7.2000000e+02   +7.3000000e+02   +1.2667000e-12   +1.2667000e-12
  +7.3000000e+02   +7.4000000e+02   +0.0000000e+00   +0.0000000e+00
  +7.4000000e+02   +7.5000000e+02   +1.2667000e-12   +1.2667000e-12
  +7.5000000e+02   +7.6000000e+02   +0.0000000e+00   +0.0000000e+00
  +7.6000000e+02   +7.7000000e+02   +0.0000000e+00   +0.0000000e+00
  +7.7000000e+02   +7.8000000e+02   +0.0000000e+00   +0.0000000e+00
  +7.8000000e+02   +7.9000000e+02   +0.0000000e+00   +0.0000000e+00
  +7.9000000e+02   +8.0000000e+02   +0.0000000e+00   +0.0000000e+00
  +8.0000000e+02   +8.1000000e+02   +0.0000000e+00   +0.0000000e+00
  +8.1000000e+02   +8.2000000e+02   +0.0000000e+00   +0.0000000e+00
  +8.2000000e+02   +8.3000000e+02   +0.0000000e+00   +0.0000000e+00
  +8.3000000e+02   +8.4000000e+02   +0.0000000e+00   +0.0000000e+00
  +8.4000000e+02   +8.5000000e+02   +0.0000000e+00   +0.0000000e+00
  +8.5000000e+02   +8.6000000e+02   +0.0000000e+00   +0.0000000e+00
  +8.6000000e+02   +8.7000000e+02   +0.0000000e+00   +0.0000000e+00
  +8.7000000e+02   +8.8000000e+02   +0.0000000e+00   +0.0000000e+00
  +8.8000000e+02   +8.9000000e+02   +0.0000000e+00   +0.0000000e+00
  +8.9000000e+02   +9.0000000e+02   +1.2667000e-12   +1.2667000e-12
  +9.0000000e+02   +9.1000000e+02   +0.0000000e+00   +0.0000000e+00
  +9.1000000e+02   +9.2000000e+02   +0.0000000e+00   +0.0000000e+00
  +9.2000000e+02   +9.3000000e+02   +0.0000000e+00   +0.0000000e+00
  +9.3000000e+02   +9.4000000e+02   +0.0000000e+00   +0.0000000e+00
  +9.4000000e+02   +9.5000000e+02   +0.0000000e+00   +0.0000000e+00
  +9.5000000e+02   +9.6000000e+02   +0.0000000e+00   +0.0000000e+00
  +9.6000000e+02   +9.7000000e+02   +0.0000000e+00   +0.0000000e+00
  +9.7000000e+02   +9.8000000e+02   +0.0000000e+00   +0.0000000e+00
  +9.8000000e+02   +9.9000000e+02   +0.0000000e+00   +0.0000000e+00
  +9.9000000e+02   +1.0000000e+03   +0.0000000e+00   +0.0000000e+00
<\histogram>
##& xmin & xmax & central value & dy & 

<histogram> 100 "pt2 [GeV] |X_AXIS@LIN |Y_AXIS@LOG |JETSAMPLE@0"
  +0.0000000e+00   +1.0000000e+01   +3.9648400e-10   +2.2410575e-11
  +1.0000000e+01   +2.0000000e+01   +1.6480200e-09   +4.5690534e-11
  +2.0000000e+01   +3.0000000e+01   +2.6651700e-09   +5.8104178e-11
  +3.0000000e+01   +4.0000000e+01   +2.5435600e-09   +5.6762632e-11
  +4.0000000e+01   +5.0000000e+01   +1.8228000e-09   +4.8052023e-11
  +5.0000000e+01   +6.0000000e+01   +1.1539900e-09   +3.8233477e-11
  +6.0000000e+01   +7.0000000e+01   +7.2963100e-10   +3.0401318e-11
  +7.0000000e+01   +8.0000000e+01   +4.7122100e-10   +2.4431653e-11
  +8.0000000e+01   +9.0000000e+01   +3.4581400e-10   +2.0929726e-11
  +9.0000000e+01   +1.0000000e+02   +2.0647500e-10   +1.6172362e-11
  +1.0000000e+02   +1.1000000e+02   +1.4947300e-10   +1.3760090e-11
  +1.1000000e+02   +1.2000000e+02   +1.0893800e-10   +1.1747012e-11
  +1.2000000e+02   +1.3000000e+02   +6.3335900e-11   +8.9570372e-12
  +1.3000000e+02   +1.4000000e+02   +7.4736500e-11   +9.7297903e-12
  +1.4000000e+02   +1.5000000e+02   +5.3202700e-11   +8.2092751e-12
  +1.5000000e+02   +1.6000000e+02   +2.5334300e-11   +5.6649151e-12
  +1.6000000e+02   +1.7000000e+02   +3.4201400e-11   +6.5820749e-12
  +1.7000000e+02   +1.8000000e+02   +3.8001500e-11   +6.9380724e-12
  +1.8000000e+02   +1.9000000e+02   +2.2800900e-11   +5.3741778e-12
  +1.9000000e+02   +2.0000000e+02   +1.6467200e-11   +4.5671757e-12
  +2.0000000e+02   +2.1000000e+02   +1.2667100e-11   +4.0056773e-12
  +2.1000000e+02   +2.2000000e+02   +8.8670000e-12   +3.3513889e-12
  +2.2000000e+02   +2.3000000e+02   +8.8669000e-12   +3.3513899e-12
  +2.3000000e+02   +2.4000000e+02   +1.0133600e-11   +3.5827922e-12
  +2.4000000e+02   +2.5000000e+02   +1.0133700e-11   +3.5827834e-12
  +2.5000000e+02   +2.6000000e+02   +1.0133700e-11   +3.5827755e-12
  +2.6000000e+02   +2.7000000e+02   +6.3335000e-12   +2.8324273e-12
  +2.7000000e+02   +2.8000000e+02   +8.8670000e-12   +3.3513805e-12
  +2.8000000e+02   +2.9000000e+02   +2.5334000e-12   +1.7913843e-12
  +2.9000000e+02   +3.0000000e+02   +0.0000000e+00   +0.0000000e+00
  +3.0000000e+02   +3.1000000e+02   +3.8001000e-12   +2.1939888e-12
  +3.1000000e+02   +3.2000000e+02   +3.8001000e-12   +2.1940016e-12
  +3.2000000e+02   +3.3000000e+02   +0.0000000e+00   +0.0000000e+00
  +3.3000000e+02   +3.4000000e+02   +0.0000000e+00   +0.0000000e+00
  +3.4000000e+02   +3.5000000e+02   +0.0000000e+00   +0.0000000e+00
  +3.5000000e+02   +3.6000000e+02   +1.2667000e-12   +1.2667000e-12
  +3.6000000e+02   +3.7000000e+02   +0.0000000e+00   +0.0000000e+00
  +3.7000000e+02   +3.8000000e+02   +0.0000000e+00   +0.0000000e+00
  +3.8000000e+02   +3.9000000e+02   +1.2667000e-12   +1.2667000e-12
  +3.9000000e+02   +4.0000000e+02   +0.0000000e+00   +0.0000000e+00
  +4.0000000e+02   +4.1000000e+02   +0.0000000e+00   +0.0000000e+00
  +4.1000000e+02   +4.2000000e+02   +2.5334000e-12   +1.7913843e-12
  +4.2000000e+02   +4.3000000e+02   +0.0000000e+00   +0.0000000e+00
  +4.3000000e+02   +4.4000000e+02   +0.0000000e+00   +0.0000000e+00
  +4.4000000e+02   +4.5000000e+02   +0.0000000e+00   +0.0000000e+00
  +4.5000000e+02   +4.6000000e+02   +0.0000000e+00   +0.0000000e+00
  +4.6000000e+02   +4.7000000e+02   +0.0000000e+00   +0.0000000e+00
  +4.7000000e+02   +4.8000000e+02   +0.0000000e+00   +0.0000000e+00
  +4.8000000e+02   +4.9000000e+02   +1.2667000e-12   +1.2667000e-12
  +4.9000000e+02   +5.0000000e+02   +0.0000000e+00   +0.0000000e+00
  +5.0000000e+02   +5.1000000e+02   +0.0000000e+00   +0.0000000e+00
  +5.1000000e+02   +5.2000000e+02   +0.0000000e+00   +0.0000000e+00
  +5.2000000e+02   +5.3000000e+02   +1.2667000e-12   +1.2667000e-12
  +5.3000000e+02   +5.4000000e+02   +2.5334000e-12   +1.7913843e-12
  +5.4000000e+02   +5.5000000e+02   +0.0000000e+00   +0.0000000e+00
  +5.5000000e+02   +5.6000000e+02   +0.0000000e+00   +0.0000000e+00
  +5.6000000e+02   +5.7000000e+02   +0.0000000e+00   +0.0000000e+00
  +5.7000000e+02   +5.8000000e+02   +0.0000000e+00   +0.0000000e+00
  +5.8000000e+02   +5.9000000e+02   +0.0000000e+00   +0.0000000e+00
  +5.9000000e+02   +6.0000000e+02   +0.0000000e+00   +0.0000000e+00
  +6.0000000e+02   +6.1000000e+02   +0.0000000e+00   +0.0000000e+00
  +6.1000000e+02   +6.2000000e+02   +0.0000000e+00   +0.0000000e+00
  +6.2000000e+02   +6.3000000e+02   +0.0000000e+00   +0.0000000e+00
  +6.3000000e+02   +6.4000000e+02   +0.0000000e+00   +0.0000000e+00
  +6.4000000e+02   +6.5000000e+02   +0.0000000e+00   +0.0000000e+00
  +6.5000000e+02   +6.6000000e+02   +0.0000000e+00   +0.0000000e+00
  +6.6000000e+02   +6.7000000e+02   +0.0000000e+00   +0.0000000e+00
  +6.7000000e+02   +6.8000000e+02   +0.0000000e+00   +0.0000000e+00
  +6.8000000e+02   +6.9000000e+02   +0.0000000e+00   +0.0000000e+00
  +6.9000000e+02   +7.0000000e+02   +0.0000000e+00   +0.0000000e+00
  +7.0000000e+02   +7.1000000e+02   +0.0000000e+00   +0.0000000e+00
  +7.1000000e+02   +7.2000000e+02   +0.0000000e+00   +0.0000000e+00
  +7.2000000e+02   +7.3000000e+02   +0.0000000e+00   +0.0000000e+00
  +7.3000000e+02   +7.4000000e+02   +0.0000000e+00   +0.0000000e+00
  +7.4000000e+02   +7.5000000e+02   +0.0000000e+00   +0.0000000e+00
  +7.5000000e+02   +7.6000000e+02   +0.0000000e+00   +0.0000000e+00
  +7.6000000e+02   +7.7000000e+02   +0.0000000e+00   +0.0000000e+00
  +7.7000000e+02   +7.8000000e+02   +0.0000000e+00   +0.0000000e+00
  +7.8000000e+02   +7.9000000e+02   +0.0000000e+00   +0.0000000e+00
  +7.9000000e+02   +8.0000000e+02   +0.0000000e+00   +0.0000000e+00
  +8.0000000e+02   +8.1000000e+02   +0.0000000e+00   +0.0000000e+00
  +8.1000000e+02   +8.2000000e+02   +0.0000000e+00   +0.0000000e+00
  +8.2000000e+02   +8.3000000e+02   +0.0000000e+00   +0.0000000e+00
  +8.3000000e+02   +8.4000000e+02   +0.0000000e+00   +0.0000000e+00
  +8.4000000e+02   +8.5000000e+02   +0.0000000e+00   +0.0000000e+00
  +8.5000000e+02   +8.6000000e+02   +0.0000000e+00   +0.0000000e+00
  +8.6000000e+02   +8.7000000e+02   +0.0000000e+00   +0.0000000e+00
  +8.7000000e+02   +8.8000000e+02   +0.0000000e+00   +0.0000000e+00
  +8.8000000e+02   +8.9000000e+02   +0.0000000e+00   +0.0000000e+00
  +8.9000000e+02   +9.0000000e+02   +0.0000000e+00   +0.0000000e+00
  +9.0000000e+02   +9.1000000e+02   +0.0000000e+00   +0.0000000e+00
  +9.1000000e+02   +9.2000000e+02   +0.0000000e+00   +0.0000000e+00
  +9.2000000e+02   +9.3000000e+02   +0.0000000e+00   +0.0000000e+00
  +9.3000000e+02   +9.4000000e+02   +0.0000000e+00   +0.0000000e+00
  +9.4000000e+02   +9.5000000e+02   +0.0000000e+00   +0.0000000e+00
  +9.5000000e+02   +9.6000000e+02   +0.0000000e+00   +0.0000000e+00
  +9.6000000e+02   +9.7000000e+02   +0.0000000e+00   +0.0000000e+00
  +9.7000000e+02   +9.8000000e+02   +0.0000000e+00   +0.0000000e+00
  +9.8000000e+02   +9.9000000e+02   +0.0000000e+00   +0.0000000e+00
  +9.9000000e+02   +1.0000000e+03   +0.0000000e+00   +0.0000000e+00
<\histogram>


##& xmin & xmax & central value & dy & 

<histogram> 100 "pt3 [GeV] |X_AXIS@LIN |Y_AXIS@LOG |JETSAMPLE@0"
  +0.0000000e+00   +5.0000000e+00   +2.7234400e-10   +1.8573722e-11
  +5.0000000e+00   +1.0000000e+01   +1.2033900e-09   +3.9042470e-11
  +1.0000000e+01   +1.5000000e+01   +1.8202700e-09   +4.8018999e-11
  +1.5000000e+01   +2.0000000e+01   +1.8506800e-09   +4.8418400e-11
  +2.0000000e+01   +2.5000000e+01   +1.8215400e-09   +4.8035306e-11
  +2.5000000e+01   +3.0000000e+01   +1.5010600e-09   +4.3605423e-11
  +3.0000000e+01   +3.5000000e+01   +1.1603100e-09   +3.8337755e-11
  +3.5000000e+01   +4.0000000e+01   +8.4235500e-10   +3.2665687e-11
  +4.0000000e+01   +4.5000000e+01   +5.6369000e-10   +2.6721648e-11
  +4.5000000e+01   +5.0000000e+01   +3.9521800e-10   +2.2374819e-11
  +5.0000000e+01   +5.5000000e+01   +2.9134800e-10   +1.9210747e-11
  +5.5000000e+01   +6.0000000e+01   +1.9634200e-10   +1.5770486e-11
  +6.0000000e+01   +6.5000000e+01   +1.4694000e-10   +1.3642948e-11
  +6.5000000e+01   +7.0000000e+01   +1.1400500e-10   +1.2017113e-11
  +7.0000000e+01   +7.5000000e+01   +1.0260400e-10   +1.1400464e-11
  +7.5000000e+01   +8.0000000e+01   +8.4869800e-11   +1.0368503e-11
  +8.0000000e+01   +8.5000000e+01   +5.0668800e-11   +8.0113937e-12
  +8.5000000e+01   +9.0000000e+01   +4.1801600e-11   +7.2767039e-12
  +9.0000000e+01   +9.5000000e+01   +1.9000700e-11   +4.9059336e-12
  +9.5000000e+01   +1.0000000e+02   +3.5468200e-11   +6.7027688e-12
  +1.0000000e+02   +1.0500000e+02   +2.4067700e-11   +5.5214460e-12
  +1.0500000e+02   +1.1000000e+02   +2.5334400e-11   +5.6649003e-12
  +1.1000000e+02   +1.1500000e+02   +1.9000800e-11   +4.9059295e-12
  +1.1500000e+02   +1.2000000e+02   +7.6002000e-12   +3.1027687e-12
  +1.2000000e+02   +1.2500000e+02   +6.3335000e-12   +2.8324471e-12
  +1.2500000e+02   +1.3000000e+02   +1.3933900e-11   +4.2011812e-12
  +1.3000000e+02   +1.3500000e+02   +1.2667100e-11   +4.0056711e-12
  +1.3500000e+02   +1.4000000e+02   +8.8670000e-12   +3.3513889e-12
  +1.4000000e+02   +1.4500000e+02   +5.0668000e-12   +2.5334000e-12
  +1.4500000e+02   +1.5000000e+02   +6.3335000e-12   +2.8324372e-12
  +1.5000000e+02   +1.5500000e+02   +1.2667000e-12   +1.2667000e-12
  +1.5500000e+02   +1.6000000e+02   +2.5334000e-12   +1.7913843e-12
  +1.6000000e+02   +1.6500000e+02   +3.8001000e-12   +2.1940016e-12
  +1.6500000e+02   +1.7000000e+02   +2.5334000e-12   +1.7913843e-12
  +1.7000000e+02   +1.7500000e+02   +2.5334000e-12   +1.7914000e-12
  +1.7500000e+02   +1.8000000e+02   +2.5334000e-12   +1.7913843e-12
  +1.8000000e+02   +1.8500000e+02   +0.0000000e+00   +0.0000000e+00
  +1.8500000e+02   +1.9000000e+02   +2.5334000e-12   +1.7913843e-12
  +1.9000000e+02   +1.9500000e+02   +0.0000000e+00   +0.0000000e+00
  +1.9500000e+02   +2.0000000e+02   +1.2667000e-12   +1.2667000e-12
  +2.0000000e+02   +2.0500000e+02   +1.2667000e-12   +1.2667000e-12
  +2.0500000e+02   +2.1000000e+02   +0.0000000e+00   +0.0000000e+00
  +2.1000000e+02   +2.1500000e+02   +0.0000000e+00   +0.0000000e+00
  +2.1500000e+02   +2.2000000e+02   +0.0000000e+00   +0.0000000e+00
  +2.2000000e+02   +2.2500000e+02   +2.5334000e-12   +1.7913843e-12
  +2.2500000e+02   +2.3000000e+02   +0.0000000e+00   +0.0000000e+00
  +2.3000000e+02   +2.3500000e+02   +0.0000000e+00   +0.0000000e+00
  +2.3500000e+02   +2.4000000e+02   +0.0000000e+00   +0.0000000e+00
  +2.4000000e+02   +2.4500000e+02   +0.0000000e+00   +0.0000000e+00
  +2.4500000e+02   +2.5000000e+02   +0.0000000e+00   +0.0000000e+00
  +2.5000000e+02   +2.5500000e+02   +1.2667000e-12   +1.2667000e-12
  +2.5500000e+02   +2.6000000e+02   +0.0000000e+00   +0.0000000e+00
  +2.6000000e+02   +2.6500000e+02   +0.0000000e+00   +0.0000000e+00
  +2.6500000e+02   +2.7000000e+02   +0.0000000e+00   +0.0000000e+00
  +2.7000000e+02   +2.7500000e+02   +0.0000000e+00   +0.0000000e+00
  +2.7500000e+02   +2.8000000e+02   +0.0000000e+00   +0.0000000e+00
  +2.8000000e+02   +2.8500000e+02   +0.0000000e+00   +0.0000000e+00
  +2.8500000e+02   +2.9000000e+02   +0.0000000e+00   +0.0000000e+00
  +2.9000000e+02   +2.9500000e+02   +0.0000000e+00   +0.0000000e+00
  +2.9500000e+02   +3.0000000e+02   +0.0000000e+00   +0.0000000e+00
  +3.0000000e+02   +3.0500000e+02   +0.0000000e+00   +0.0000000e+00
  +3.0500000e+02   +3.1000000e+02   +0.0000000e+00   +0.0000000e+00
  +3.1000000e+02   +3.1500000e+02   +0.0000000e+00   +0.0000000e+00
  +3.1500000e+02   +3.2000000e+02   +0.0000000e+00   +0.0000000e+00
  +3.2000000e+02   +3.2500000e+02   +0.0000000e+00   +0.0000000e+00
  +3.2500000e+02   +3.3000000e+02   +0.0000000e+00   +0.0000000e+00
  +3.3000000e+02   +3.3500000e+02   +0.0000000e+00   +0.0000000e+00
  +3.3500000e+02   +3.4000000e+02   +0.0000000e+00   +0.0000000e+00
  +3.4000000e+02   +3.4500000e+02   +0.0000000e+00   +0.0000000e+00
  +3.4500000e+02   +3.5000000e+02   +0.0000000e+00   +0.0000000e+00
  +3.5000000e+02   +3.5500000e+02   +0.0000000e+00   +0.0000000e+00
  +3.5500000e+02   +3.6000000e+02   +0.0000000e+00   +0.0000000e+00
  +3.6000000e+02   +3.6500000e+02   +0.0000000e+00   +0.0000000e+00
  +3.6500000e+02   +3.7000000e+02   +0.0000000e+00   +0.0000000e+00
  +3.7000000e+02   +3.7500000e+02   +0.0000000e+00   +0.0000000e+00
  +3.7500000e+02   +3.8000000e+02   +0.0000000e+00   +0.0000000e+00
  +3.8000000e+02   +3.8500000e+02   +0.0000000e+00   +0.0000000e+00
  +3.8500000e+02   +3.9000000e+02   +0.0000000e+00   +0.0000000e+00
  +3.9000000e+02   +3.9500000e+02   +0.0000000e+00   +0.0000000e+00
  +3.9500000e+02   +4.0000000e+02   +0.0000000e+00   +0.0000000e+00
  +4.0000000e+02   +4.0500000e+02   +0.0000000e+00   +0.0000000e+00
  +4.0500000e+02   +4.1000000e+02   +0.0000000e+00   +0.0000000e+00
  +4.1000000e+02   +4.1500000e+02   +0.0000000e+00   +0.0000000e+00
  +4.1500000e+02   +4.2000000e+02   +0.0000000e+00   +0.0000000e+00
  +4.2000000e+02   +4.2500000e+02   +0.0000000e+00   +0.0000000e+00
  +4.2500000e+02   +4.3000000e+02   +0.0000000e+00   +0.0000000e+00
  +4.3000000e+02   +4.3500000e+02   +0.0000000e+00   +0.0000000e+00
  +4.3500000e+02   +4.4000000e+02   +0.0000000e+00   +0.0000000e+00
  +4.4000000e+02   +4.4500000e+02   +0.0000000e+00   +0.0000000e+00
  +4.4500000e+02   +4.5000000e+02   +0.0000000e+00   +0.0000000e+00
  +4.5000000e+02   +4.5500000e+02   +0.0000000e+00   +0.0000000e+00
  +4.5500000e+02   +4.6000000e+02   +0.0000000e+00   +0.0000000e+00
  +4.6000000e+02   +4.6500000e+02   +0.0000000e+00   +0.0000000e+00
  +4.6500000e+02   +4.7000000e+02   +0.0000000e+00   +0.0000000e+00
  +4.7000000e+02   +4.7500000e+02   +0.0000000e+00   +0.0000000e+00
  +4.7500000e+02   +4.8000000e+02   +0.0000000e+00   +0.0000000e+00
  +4.8000000e+02   +4.8500000e+02   +0.0000000e+00   +0.0000000e+00
  +4.8500000e+02   +4.9000000e+02   +0.0000000e+00   +0.0000000e+00
  +4.9000000e+02   +4.9500000e+02   +0.0000000e+00   +0.0000000e+00
  +4.9500000e+02   +5.0000000e+02   +0.0000000e+00   +0.0000000e+00
<\histogram>


##& xmin & xmax & central value & dy & 

<histogram> 100 "pt4 [GeV] |X_AXIS@LIN |Y_AXIS@LOG |JETSAMPLE@0"
  +0.0000000e+00   +5.0000000e+00   +7.3470100e-10   +3.0506662e-11
  +5.0000000e+00   +1.0000000e+01   +2.6563200e-09   +5.8007334e-11
  +1.0000000e+01   +1.5000000e+01   +2.8843400e-09   +6.0444748e-11
  +1.5000000e+01   +2.0000000e+01   +2.2028200e-09   +5.2823937e-11
  +2.0000000e+01   +2.5000000e+01   +1.5567900e-09   +4.4407406e-11
  +2.5000000e+01   +3.0000000e+01   +9.6016000e-10   +3.4875336e-11
  +3.0000000e+01   +3.5000000e+01   +5.9155900e-10   +2.7374290e-11
  +3.5000000e+01   +4.0000000e+01   +3.4454800e-10   +2.0891361e-11
  +4.0000000e+01   +4.5000000e+01   +2.2674200e-10   +1.6947537e-11
  +4.5000000e+01   +5.0000000e+01   +1.4820400e-10   +1.3701602e-11
  +5.0000000e+01   +5.5000000e+01   +1.0893900e-10   +1.1746981e-11
  +5.5000000e+01   +6.0000000e+01   +6.8402600e-11   +9.3084125e-12
  +6.0000000e+01   +6.5000000e+01   +5.4468700e-11   +8.3064169e-12
  +6.5000000e+01   +7.0000000e+01   +3.5468100e-11   +6.7027875e-12
  +7.0000000e+01   +7.5000000e+01   +1.9000700e-11   +4.9059302e-12
  +7.5000000e+01   +8.0000000e+01   +1.2667100e-11   +4.0056773e-12
  +8.0000000e+01   +8.5000000e+01   +2.1534100e-11   +5.2227540e-12
  +8.5000000e+01   +9.0000000e+01   +8.8669000e-12   +3.3513899e-12
  +9.0000000e+01   +9.5000000e+01   +3.8001000e-12   +2.1940016e-12
  +9.5000000e+01   +1.0000000e+02   +7.6002000e-12   +3.1027777e-12
  +1.0000000e+02   +1.0500000e+02   +2.5334000e-12   +1.7913843e-12
  +1.0500000e+02   +1.1000000e+02   +0.0000000e+00   +0.0000000e+00
  +1.1000000e+02   +1.1500000e+02   +3.8001000e-12   +2.1939888e-12
  +1.1500000e+02   +1.2000000e+02   +1.2667000e-12   +1.2667000e-12
  +1.2000000e+02   +1.2500000e+02   +5.0668000e-12   +2.5334000e-12
  +1.2500000e+02   +1.3000000e+02   +2.5334000e-12   +1.7913843e-12
  +1.3000000e+02   +1.3500000e+02   +1.2667000e-12   +1.2667000e-12
  +1.3500000e+02   +1.4000000e+02   +2.5334000e-12   +1.7914000e-12
  +1.4000000e+02   +1.4500000e+02   +0.0000000e+00   +0.0000000e+00
  +1.4500000e+02   +1.5000000e+02   +0.0000000e+00   +0.0000000e+00
  +1.5000000e+02   +1.5500000e+02   +0.0000000e+00   +0.0000000e+00
  +1.5500000e+02   +1.6000000e+02   +0.0000000e+00   +0.0000000e+00
  +1.6000000e+02   +1.6500000e+02   +1.2667000e-12   +1.2667000e-12
  +1.6500000e+02   +1.7000000e+02   +0.0000000e+00   +0.0000000e+00
  +1.7000000e+02   +1.7500000e+02   +0.0000000e+00   +0.0000000e+00
  +1.7500000e+02   +1.8000000e+02   +0.0000000e+00   +0.0000000e+00
  +1.8000000e+02   +1.8500000e+02   +0.0000000e+00   +0.0000000e+00
  +1.8500000e+02   +1.9000000e+02   +0.0000000e+00   +0.0000000e+00
  +1.9000000e+02   +1.9500000e+02   +0.0000000e+00   +0.0000000e+00
  +1.9500000e+02   +2.0000000e+02   +0.0000000e+00   +0.0000000e+00
  +2.0000000e+02   +2.0500000e+02   +0.0000000e+00   +0.0000000e+00
  +2.0500000e+02   +2.1000000e+02   +0.0000000e+00   +0.0000000e+00
  +2.1000000e+02   +2.1500000e+02   +0.0000000e+00   +0.0000000e+00
  +2.1500000e+02   +2.2000000e+02   +0.0000000e+00   +0.0000000e+00
  +2.2000000e+02   +2.2500000e+02   +0.0000000e+00   +0.0000000e+00
  +2.2500000e+02   +2.3000000e+02   +0.0000000e+00   +0.0000000e+00
  +2.3000000e+02   +2.3500000e+02   +0.0000000e+00   +0.0000000e+00
  +2.3500000e+02   +2.4000000e+02   +0.0000000e+00   +0.0000000e+00
  +2.4000000e+02   +2.4500000e+02   +0.0000000e+00   +0.0000000e+00
  +2.4500000e+02   +2.5000000e+02   +0.0000000e+00   +0.0000000e+00
  +2.5000000e+02   +2.5500000e+02   +0.0000000e+00   +0.0000000e+00
  +2.5500000e+02   +2.6000000e+02   +0.0000000e+00   +0.0000000e+00
  +2.6000000e+02   +2.6500000e+02   +0.0000000e+00   +0.0000000e+00
  +2.6500000e+02   +2.7000000e+02   +0.0000000e+00   +0.0000000e+00
  +2.7000000e+02   +2.7500000e+02   +0.0000000e+00   +0.0000000e+00
  +2.7500000e+02   +2.8000000e+02   +0.0000000e+00   +0.0000000e+00
  +2.8000000e+02   +2.8500000e+02   +0.0000000e+00   +0.0000000e+00
  +2.8500000e+02   +2.9000000e+02   +0.0000000e+00   +0.0000000e+00
  +2.9000000e+02   +2.9500000e+02   +0.0000000e+00   +0.0000000e+00
  +2.9500000e+02   +3.0000000e+02   +0.0000000e+00   +0.0000000e+00
  +3.0000000e+02   +3.0500000e+02   +0.0000000e+00   +0.0000000e+00
  +3.0500000e+02   +3.1000000e+02   +0.0000000e+00   +0.0000000e+00
  +3.1000000e+02   +3.1500000e+02   +0.0000000e+00   +0.0000000e+00
  +3.1500000e+02   +3.2000000e+02   +0.0000000e+00   +0.0000000e+00
  +3.2000000e+02   +3.2500000e+02   +0.0000000e+00   +0.0000000e+00
  +3.2500000e+02   +3.3000000e+02   +0.0000000e+00   +0.0000000e+00
  +3.3000000e+02   +3.3500000e+02   +0.0000000e+00   +0.0000000e+00
  +3.3500000e+02   +3.4000000e+02   +0.0000000e+00   +0.0000000e+00
  +3.4000000e+02   +3.4500000e+02   +0.0000000e+00   +0.0000000e+00
  +3.4500000e+02   +3.5000000e+02   +0.0000000e+00   +0.0000000e+00
  +3.5000000e+02   +3.5500000e+02   +0.0000000e+00   +0.0000000e+00
  +3.5500000e+02   +3.6000000e+02   +0.0000000e+00   +0.0000000e+00
  +3.6000000e+02   +3.6500000e+02   +0.0000000e+00   +0.0000000e+00
  +3.6500000e+02   +3.7000000e+02   +0.0000000e+00   +0.0000000e+00
  +3.7000000e+02   +3.7500000e+02   +0.0000000e+00   +0.0000000e+00
  +3.7500000e+02   +3.8000000e+02   +0.0000000e+00   +0.0000000e+00
  +3.8000000e+02   +3.8500000e+02   +0.0000000e+00   +0.0000000e+00
  +3.8500000e+02   +3.9000000e+02   +0.0000000e+00   +0.0000000e+00
  +3.9000000e+02   +3.9500000e+02   +0.0000000e+00   +0.0000000e+00
  +3.9500000e+02   +4.0000000e+02   +0.0000000e+00   +0.0000000e+00
  +4.0000000e+02   +4.0500000e+02   +0.0000000e+00   +0.0000000e+00
  +4.0500000e+02   +4.1000000e+02   +0.0000000e+00   +0.0000000e+00
  +4.1000000e+02   +4.1500000e+02   +0.0000000e+00   +0.0000000e+00
  +4.1500000e+02   +4.2000000e+02   +0.0000000e+00   +0.0000000e+00
  +4.2000000e+02   +4.2500000e+02   +0.0000000e+00   +0.0000000e+00
  +4.2500000e+02   +4.3000000e+02   +0.0000000e+00   +0.0000000e+00
  +4.3000000e+02   +4.3500000e+02   +0.0000000e+00   +0.0000000e+00
  +4.3500000e+02   +4.4000000e+02   +0.0000000e+00   +0.0000000e+00
  +4.4000000e+02   +4.4500000e+02   +0.0000000e+00   +0.0000000e+00
  +4.4500000e+02   +4.5000000e+02   +0.0000000e+00   +0.0000000e+00
  +4.5000000e+02   +4.5500000e+02   +0.0000000e+00   +0.0000000e+00
  +4.5500000e+02   +4.6000000e+02   +0.0000000e+00   +0.0000000e+00
  +4.6000000e+02   +4.6500000e+02   +0.0000000e+00   +0.0000000e+00
  +4.6500000e+02   +4.7000000e+02   +0.0000000e+00   +0.0000000e+00
  +4.7000000e+02   +4.7500000e+02   +0.0000000e+00   +0.0000000e+00
  +4.7500000e+02   +4.8000000e+02   +0.0000000e+00   +0.0000000e+00
  +4.8000000e+02   +4.8500000e+02   +0.0000000e+00   +0.0000000e+00
  +4.8500000e+02   +4.9000000e+02   +0.0000000e+00   +0.0000000e+00
  +4.9000000e+02   +4.9500000e+02   +0.0000000e+00   +0.0000000e+00
  +4.9500000e+02   +5.0000000e+02   +0.0000000e+00   +0.0000000e+00
<\histogram>

